20.000000	0.748461	58.834244	3000.000000	10000.000000	36.000000	24.316302	25.246006	25.284010	24.728153	0.563457	0.543704	0.824450	1.413900	5.0400e-06	8.6442e-01	1.3908e-01
20.000000	0.896637	12.817553	3000.000000	10000.000000	36.000000	17.682070	18.049582	17.717480	16.749147	0.426789	0.464524	0.694024	1.075199	1.3058e-02	8.4504e-02	1.8800e-03
20.000000	0.415130	15.665277	3000.000000	10000.000000	36.000000	40.364866	43.299800	43.111740	43.056525	0.761288	0.653567	1.008878	1.385136	1.7692e-15	4.8912e-01	8.8625e-01
20.000000	0.866851	5.463422	3000.000000	10000.000000	36.000000	15.546886	15.020622	14.120246	12.676783	0.420931	0.269806	0.771318	0.992000	4.5389e-05	5.2283e-05	9.9924e-06
20.000000	0.704172	86.730322	3000.000000	10000.000000	36.000000	26.069392	27.352361	27.389461	27.029589	0.576650	0.429488	0.717885	1.250416	2.1256e-09	8.4408e-01	2.7311e-01
20.000000	0.785764	13.443585	3000.000000	10000.000000	36.000000	20.696789	21.145753	20.583251	19.395423	0.470739	0.465896	0.631339	1.330621	4.3655e-03	2.8739e-03	1.2329e-03
20.000000	0.114860	31.457331	3000.000000	10000.000000	36.000000	130.048443	149.420985	156.765993	157.903997	1.015524	1.364264	1.670218	2.224640	1.6662e-34	2.0918e-17	7.5796e-02
20.000000	0.505787	95.963149	3000.000000	10000.000000	36.000000	35.704730	38.229193	38.203688	38.444604	0.322724	0.344835	0.546933	0.742123	1.9597e-24	8.6108e-01	2.5044e-01
20.000000	0.869453	19.973243	3000.000000	10000.000000	36.000000	19.611441	19.933870	19.382743	19.047059	0.250665	0.236864	0.341404	0.622230	1.6512e-04	1.0739e-06	4.2978e-02
20.000000	0.874416	95.930860	3000.000000	10000.000000	36.000000	21.224616	21.990596	21.852220	21.803637	0.239069	0.253695	0.350890	0.560206	5.7471e-12	1.6191e-01	7.4454e-01
20.000000	0.452277	81.026645	3000.000000	10000.000000	36.000000	39.622042	42.305377	42.851623	42.951044	0.279171	0.346758	0.532333	0.778670	1.2701e-25	5.2718e-04	6.4042e-01
20.000000	0.153441	45.067322	3000.000000	10000.000000	36.000000	102.804694	117.139601	121.192663	122.632704	1.106036	0.994462	1.029351	2.615027	1.3263e-33	3.3468e-15	3.0719e-02
20.000000	0.826690	80.259696	3000.000000	10000.000000	36.000000	22.184593	23.044313	23.159923	22.769117	0.262071	0.298459	0.388001	0.661790	9.9453e-12	2.9798e-01	2.9834e-02
20.000000	0.864758	67.295366	3000.000000	10000.000000	36.000000	21.191237	22.014126	22.032677	21.784802	0.158694	0.225867	0.282856	0.765941	4.4396e-15	8.2000e-01	1.8716e-01
20.000000	0.061069	85.667284	3000.000000	10000.000000	36.000000	209.092382	247.275454	263.620702	265.950651	2.499390	2.856076	2.956371	6.720642	3.8951e-34	5.3150e-20	1.6768e-01
20.000000	0.842574	69.479840	3000.000000	10000.000000	36.000000	21.807138	22.516622	22.421486	22.086140	0.185606	0.254150	0.434509	0.654294	7.3464e-12	4.0454e-01	6.4926e-02
20.000000	0.689234	75.597584	3000.000000	10000.000000	36.000000	26.481055	27.684916	27.832794	27.665775	0.204788	0.190855	0.343359	0.720978	4.0328e-21	1.0276e-01	3.5784e-01
20.000000	0.371238	67.270400	3000.000000	10000.000000	36.000000	47.291377	51.398665	52.041050	52.086837	0.374841	0.388709	0.345735	1.271147	4.8824e-30	2.6781e-06	8.7790e-01
20.000000	0.178932	72.074378	3000.000000	10000.000000	36.000000	90.679837	102.241501	105.820356	106.785451	1.117623	0.855924	0.888527	1.367910	6.8919e-30	1.5914e-15	1.2436e-02
20.000000	0.057695	31.307684	3000.000000	10000.000000	36.000000	216.550024	255.492443	273.713371	278.877836	2.846812	2.687438	2.034544	6.333028	2.6431e-34	1.3589e-23	2.0747e-03
20.000000	0.070169	14.227519	3000.000000	10000.000000	36.000000	186.792410	219.693908	232.898688	234.487720	2.717856	2.215634	2.484671	5.590215	1.6833e-32	7.8216e-20	2.5585e-01
20.000000	0.746408	71.008719	3000.000000	10000.000000	36.000000	24.512786	25.608698	25.471261	25.253800	0.266188	0.285938	0.284621	0.923076	4.7653e-15	1.3592e-01	3.2471e-01
20.000000	0.305877	95.271095	3000.000000	10000.000000	36.000000	56.620345	62.349741	63.389214	64.190804	0.536101	0.550517	0.758216	1.455706	9.8657e-30	1.8424e-05	3.7306e-02
20.000000	0.059968	46.680714	3000.000000	10000.000000	36.000000	211.355999	250.430910	267.238900	273.637164	3.086485	3.431504	3.597936	6.764396	1.5470e-31	1.2218e-17	8.1961e-04
20.000000	0.361956	77.724095	3000.000000	10000.000000	36.000000	48.707458	52.869896	53.550797	53.612629	0.505944	0.395421	0.599747	0.877284	1.6651e-26	1.7081e-04	7.9629e-01
20.000000	0.721824	22.752897	3000.000000	10000.000000	36.000000	24.028407	24.751938	24.598333	23.883947	0.243631	0.243076	0.299777	0.929228	1.8416e-11	8.3432e-02	3.3589e-03
20.000000	0.456095	47.330689	3000.000000	10000.000000	36.000000	38.786161	41.568457	41.799242	41.648982	0.346661	0.348892	0.410492	0.804344	2.2074e-25	6.3134e-02	4.6294e-01
20.000000	0.592292	72.389659	3000.000000	10000.000000	36.000000	30.667653	32.366650	32.526941	32.412713	0.261154	0.354520	0.464738	0.583354	1.1338e-18	2.2813e-01	4.9776e-01
20.000000	0.686577	31.222382	3000.000000	10000.000000	36.000000	25.766795	26.854406	26.592779	26.044361	0.262658	0.261298	0.490695	0.749524	1.0721e-15	4.4113e-02	9.9214e-03
20.000000	0.621341	67.234310	3000.000000	10000.000000	36.000000	29.306247	30.810198	31.025960	30.514468	0.276614	0.358808	0.544514	0.904391	7.6065e-17	1.4847e-01	3.8004e-02
20.000000	0.171472	16.304780	3000.000000	10000.000000	36.000000	92.121070	103.389071	106.680028	106.833213	0.760362	0.817233	0.891294	1.790352	1.7035e-34	1.2457e-14	7.3451e-01
20.000000	0.463577	96.175676	3000.000000	10000.000000	36.000000	38.958235	41.453296	42.158775	41.697681	0.396055	0.350956	0.463436	0.895469	2.2273e-22	4.2536e-06	5.0175e-02
20.000000	0.326136	60.600436	3000.000000	10000.000000	36.000000	53.389607	58.064522	59.069998	58.421554	0.625931	0.583366	0.464820	1.183498	9.1577e-25	6.2400e-07	3.1456e-02
20.000000	0.224716	76.370371	3000.000000	10000.000000	36.000000	74.596018	83.417200	85.185644	85.758555	0.799822	0.459221	0.655166	1.652859	1.1824e-28	1.5484e-11	1.6207e-01
20.000000	0.251933	53.065920	3000.000000	10000.000000	36.000000	67.312145	74.203336	76.044185	75.586206	0.725132	0.580249	0.542723	1.376030	9.9118e-29	1.3275e-12	1.7851e-01
20.000000	0.638197	89.635809	3000.000000	10000.000000	36.000000	28.665152	30.215405	30.055204	30.068813	0.319004	0.305761	0.482070	1.057047	3.5800e-18	2.1852e-01	9.5861e-01
20.000000	0.864584	56.985475	3000.000000	10000.000000	36.000000	21.168793	21.828032	21.820063	21.553456	0.274675	0.259494	0.399630	0.863188	2.1218e-09	9.4083e-01	2.2087e-01
20.000000	0.150603	19.182931	3000.000000	10000.000000	36.000000	103.108446	117.114644	120.958912	122.116369	0.969517	0.702577	1.234592	2.066895	1.4723e-34	4.2163e-13	3.9459e-02
20.000000	0.254032	84.868139	3000.000000	10000.000000	36.000000	67.226321	74.255729	75.983683	76.001137	0.813474	0.446043	0.770609	1.196556	3.6636e-25	9.8155e-10	9.5660e-01
20.000000	0.251225	82.357058	3000.000000	10000.000000	36.000000	67.659015	74.960262	76.647691	77.042762	0.615051	0.630533	0.551693	1.631838	1.9789e-31	6.7336e-11	3.1558e-01
20.000000	0.241867	93.280044	3000.000000	10000.000000	36.000000	70.224329	77.739775	79.728091	80.002946	0.762346	0.531385	0.778628	1.753176	1.0922e-28	5.8214e-11	5.2723e-01
20.000000	0.334486	23.676549	3000.000000	10000.000000	36.000000	51.024899	55.243445	55.720310	55.108375	0.426556	0.549901	0.577979	1.093690	1.8942e-25	1.1020e-02	3.5022e-02
20.000000	0.248443	63.524244	3000.000000	10000.000000	36.000000	67.925211	75.524873	77.390580	76.993844	0.724276	0.553761	0.834156	1.409879	4.2773e-30	1.2532e-09	2.8717e-01
20.000000	0.441761	38.407653	3000.000000	10000.000000	36.000000	39.785321	42.604782	42.914558	42.684722	0.428436	0.349836	0.811970	0.967574	3.3746e-23	1.2931e-01	4.2102e-01
20.000000	0.752821	60.600089	3000.000000	10000.000000	36.000000	24.225465	25.263443	25.041147	24.799830	0.330230	0.290041	0.283250	0.908444	8.9537e-13	1.8907e-02	2.6860e-01
20.000000	0.508260	92.133398	3000.000000	10000.000000	36.000000	35.630105	38.126122	38.000567	38.101987	0.259237	0.381423	0.554646	0.963179	8.7431e-23	4.1007e-01	6.8608e-01
20.000000	0.278680	76.934022	3000.000000	10000.000000	36.000000	61.709767	67.828752	69.043463	68.878667	0.491202	0.534738	0.852725	1.114619	1.5000e-31	6.2889e-06	6.0274e-01
20.000000	0.685744	41.142355	3000.000000	10000.000000	36.000000	26.128632	27.354107	27.165275	26.934066	0.269148	0.218922	0.405704	0.668890	6.7852e-18	7.7194e-02	1.9583e-01
20.000000	0.524005	12.206158	3000.000000	10000.000000	36.000000	31.411752	32.860973	32.452491	31.042178	0.301924	0.324765	0.546001	0.775685	3.8975e-17	7.2369e-03	1.2320e-07
